0000   08 00 20 0a ac 96 08 00 20 0a 70 66 08 00 4f 00
0010   00 7c cb c9 00 00 ff 01 b9 7f 84 e3 3d 05 c0 21
0020   9f 06 07 27 04 00 00 00 00 00 00 00 00 00 00 00
0030   00 00 00 00 00 00 00 00 00 00 00 00 00 00 00 00
0040   00 00 00 00 00 00 00 00 00 00 08 00 a2 56 2f 00
0050   00 00 29 36 8c 41 00 03 86 2b 08 09 0a 0b 0c 0d
0060   0e 0f 10 11 12 13 14 15 16 17 18 19 1a 1b 1c 1d
0070   1e 1f 20 21 22 23 24 25 26 27 28 29 2a 2b 2c 2d
0080   2e 2f 30 31 32 33 34 35 36 37

0000   ac 12 03 99 35 c2 b4 0c 25 e5 00 10 08 06 00 01
0010   08 00 06 04 00 02 b4 0c 25 e5 00 10 0a 33 3f fe
0020   ac 12 03 99 35 c2 0a 33 15 3c 00 00 00 00 00 00
0030   00 00 00 00 00 00 00 00 00 00 00 00

0000   b4 0c 25 e5 00 10 ac 12 03 99 35 c2 08 00 45 c0
0010   01 64 bc bd 00 00 40 01 52 7c 0a 33 15 3c 0a 33
0020   3f fe 03 03 67 e2 00 00 00 00 45 00 01 48 01 00
0030   00 00 7f 11 d0 05 0a 33 3f fe 0a 33 15 3c 00 43
0040   00 44 01 34 1f 84 02 01 06 00 f4 78 05 f8 00 01
0050   00 00 00 00 00 00 0a 33 15 3c 00 00 00 00 00 00
0060   00 00 ac 12 03 99 35 c2 00 00 00 00 00 00 00 00
0070   00 00 00 00 00 00 00 00 00 00 00 00 00 00 00 00
0080   00 00 00 00 00 00 00 00 00 00 00 00 00 00 00 00
0090   00 00 00 00 00 00 00 00 00 00 00 00 00 00 00 00
00a0   00 00 00 00 00 00 00 00 00 00 00 00 00 00 00 00
00b0   00 00 00 00 00 00 00 00 00 00 00 00 00 00 00 00
00c0   00 00 00 00 00 00 00 00 00 00 00 00 00 00 00 00
00d0   00 00 00 00 00 00 00 00 00 00 00 00 00 00 00 00
00e0   00 00 00 00 00 00 00 00 00 00 00 00 00 00 00 00
00f0   00 00 00 00 00 00 00 00 00 00 00 00 00 00 00 00
0100   00 00 00 00 00 00 00 00 00 00 00 00 00 00 00 00
0110   00 00 00 00 00 00 00 00 00 00 00 00 00 00 00 00
0120   00 00 00 00 00 00 00 00 00 00 00 00 00 00 00 00
0130   00 00 63 82 53 63 35 01 05 33 04 00 00 a8 c0 36
0140   04 0a 33 3f fe 01 04 ff ff c0 00 03 04 0a 33 3f
0150   fe 0f 11 72 65 73 65 61 75 2e 6a 75 73 73 69 65
0160   75 2e 66 72 06 08 86 9d 00 81 86 9d c0 01 ff 00
0170   00 00

0000   ff ff ff ff ff ff 5c 83 8f e1 38 69 08 06 00 01
0010   08 00 06 04 00 01 4a 01 b0 11 fe 83 00 00 00 00
0020   ff ff ff ff ff ff 00 00 00 00

0000   ac 12 03 99 35 c2 b4 0c 25 e5 00 10 08 00 45 00
0010   00 54 00 00 00 00 72 01 e8 31 8e fa b2 0e 0a 33
0020   15 3c 00 00 1c 69 00 01 00 04 16 85 84 63 00 00
0030   00 00 88 d6 01 00 00 00 00 00 10 11 12 13 14 15
0040   16 17 18 19 1a 1b 1c 1d 1e 1f 20 21 22 23 24 25
0050   26 27 28 29 2a 2b 2c 2d 2e 2f 30 31 32 33 34 35
0060   36 37

0000   b4 0c 25 e5 00 10 ac 12 03 99 35 c2 08 06 00 01
0010   08 00 06 04 00 01 ac 12 03 99 35 c2 0a 33 15 3c
0020   00 00 00 00 00 00 0a 33 3f fe

0000   b4 0c 25 e5 00 10 ac 12 03 99 35 c2 08 00 45 00
0010   00 28 d0 54 40 00 40 06 b0 81 0a 33 15 3c 33 4d
0020   67 3e e1 4c 01 bb 4a ef f7 91 04 a4 b6 f9 50 10
0030   02 2f ba 14 00 00

0000   b4 0c 25 e5 00 10 ac 12 03 99 35 c2 08 00 45 00
0010   00 3e 22 33 40 00 40 11 f7 0b 0a 33 15 3c 01 01
0020   01 01 d3 44 00 35 00 2a 21 ac 27 50 01 00 00 01
0030   00 00 00 00 00 00 07 63 68 61 6f 74 69 63 05 62
0040   61 6e 67 6c 02 64 65 00 00 1c 00 01

0000   ac 12 03 99 35 c2 b4 0c 25 e5 00 10 08 00 45 a4
0010   00 97 2d 1b 40 00 36 11 f5 26 01 01 01 01 0a 33
0020   15 3c 00 35 86 08 00 83 8f f1 5c 81 81 80 00 01
0030   00 03 00 00 00 00 0a 67 65 6f 2d 6d 69 72 72 6f
0040   72 07 63 68 61 6f 74 69 63 02 63 78 00 00 1c 00
0050   01 c0 0c 00 1c 00 01 00 00 01 2c 00 10 26 06 47
0060   00 00 20 00 00 00 00 00 00 ac 43 47 2a c0 0c 00
0070   1c 00 01 00 00 01 2c 00 10 26 06 47 00 00 20 00
0080   00 00 00 00 00 68 1a 05 cd c0 0c 00 1c 00 01 00
0090   00 01 2c 00 10 26 06 47 00 00 20 00 00 00 00 00
00a0   00 68 1a 04 cd

0000   ff ff ff ff ff ff 5c 83 8f e1 f7 9f 08 06 00 01
0010   08 00 06 04 00 01 52 3d 11 75 bf f8 00 00 00 00
0020   ff ff ff ff ff ff 00 00 00 00

0000   b4 0c 25 e5 00 10 ac 12 03 99 35 c2 08 00 45 00
0010   00 28 c4 ec 40 00 40 06 f4 ed 0a 33 20 db ac d9
0020   a9 0e d6 2e 01 bb 45 0f b4 a1 a1 74 52 d2 50 10
0030   04 bc 81 10 00 00
0000   b4 0c 25 e5 00 10 ac 12 03 99 35 c2 08 00 45 00
0010   00 54 08 a1 40 00 40 01 04 f9 0a 33 20 db 01 01
0020   01 01 08 00 d7 b1 00 03 00 03 86 1f 8e 63 00 00
0030   00 00 4a f2 02 00 00 00 00 00 10 11 12 13 14 15
0040   16 17 18 19 1a 1b 1c 1d 1e 1f 20 21 22 23 24 25
0050   26 27 28 29 2a 2b 2c 2d 2e 2f 30 31 32 33 34 35
0060   36 37

0000   ac 12 03 99 35 c2 b4 0c 25 e5 00 10 08 00 45 a4
0010   00 a9 e7 16 40 00 36 11 2f 7a 01 01 01 01 0a 33
0020   20 db 00 35 ec f3 00 95 6b f2 e9 f3 81 80 00 01
0030   00 04 00 00 00 00 01 69 05 79 74 69 6d 67 03 63
0040   6f 6d 00 00 1c 00 01 c0 0c 00 1c 00 01 00 00 00
0050   5f 00 10 2a 00 14 50 40 09 08 1d 00 00 00 00 00
0060   00 20 16 c0 0c 00 1c 00 01 00 00 00 5f 00 10 2a
0070   00 14 50 40 09 08 1f 00 00 00 00 00 00 20 16 c0
0080   0c 00 1c 00 01 00 00 00 5f 00 10 2a 00 14 50 40
0090   09 08 19 00 00 00 00 00 00 20 16 c0 0c 00 1c 00
00a0   01 00 00 00 5f 00 10 2a 00 14 50 40 09 08 1e 00
00b0   00 00 00 00 00 20 16

0000   ff ff ff ff ff ff 5c 83 8f e1 f7 9f 08 06 00 01
0010   08 00 06 04 00 02 60 83 34 31 f0 79 00 00 00 00
0020   5c 83 8f e1 f7 9f 00 00 00 00

0000   b4 0c 25 e5 00 10 ac 12 03 99 35 c2 08 00 45 00
0010   00 42 fa e4 40 00 40 11 12 b7 0a 33 20 db 01 01
0020   01 01 bb e7 00 35 00 2e 2d 4f e1 20 01 00 00 01
0030   00 00 00 00 00 00 05 66 6f 6e 74 73 0a 67 6f 6f
0040   67 6c 65 61 70 69 73 03 63 6f 6d 00 00 01 00 01
0000   b4 0c 25 e5 00 10 ac 12 03 99 35 c2 08 00 45 00
0010   00 28 c2 f3 40 00 40 06 f6 e6 0a 33 20 db ac d9
0020   a9 0e d6 2e 01 bb 45 0f 9b 90 a1 61 08 e2 50 10
0030   00 51 81 10 00 00
0000   b4 0c 25 e5 00 10 ac 12 03 99 35 c2 08 00 45 00
0010   00 54 ab ac 40 00 40 01 0c e6 0a 33 20 db 8e fa
0020   c8 0e 08 00 b1 db 00 02 00 01 72 1f 8e 63 00 00
0030   00 00 85 cb 01 00 00 00 00 00 10 11 12 13 14 15
0040   16 17 18 19 1a 1b 1c 1d 1e 1f 20 21 22 23 24 25
0050   26 27 28 29 2a 2b 2c 2d 2e 2f 30 31 32 33 34 35
0060   36 37

0000   b0 41 6f 04 50 af ac 12 03 99 35 c2 08 00 45 00
0010   01 cb ae 2a 40 00 40 06 ea 33 0a bc e6 b4 d8 3a
0020   d7 23 bb 8e 00 50 8b 7c fe 9e cd 80 57 4c 50 18
0030   00 53 a2 8c 00 00 50 4f 53 54 20 2f 67 74 73 31
0040   63 33 20 48 54 54 50 2f 31 2e 31 0d 0a 48 6f 73
0050   74 3a 20 6f 63 73 70 2e 70 6b 69 2e 67 6f 6f 67
0060   0d 0a 55 73 65 72 2d 41 67 65 6e 74 3a 20 4d 6f
0070   7a 69 6c 6c 61 2f 35 2e 30 20 28 58 31 31 3b 20
0080   4c 69 6e 75 78 20 78 38 36 5f 36 34 3b 20 72 76
0090   3a 31 30 37 2e 30 29 20 47 65 63 6b 6f 2f 32 30
00a0   31 30 30 31 30 31 20 46 69 72 65 66 6f 78 2f 31
00b0   30 37 2e 30 0d 0a 41 63 63 65 70 74 3a 20 2a 2f
00c0   2a 0d 0a 41 63 63 65 70 74 2d 4c 61 6e 67 75 61
00d0   67 65 3a 20 65 6e 2d 55 53 2c 65 6e 3b 71 3d 30
00e0   2e 35 0d 0a 41 63 63 65 70 74 2d 45 6e 63 6f 64
00f0   69 6e 67 3a 20 67 7a 69 70 2c 20 64 65 66 6c 61
0100   74 65 0d 0a 43 6f 6e 74 65 6e 74 2d 54 79 70 65
0110   3a 20 61 70 70 6c 69 63 61 74 69 6f 6e 2f 6f 63
0120   73 70 2d 72 65 71 75 65 73 74 0d 0a 43 6f 6e 74
0130   65 6e 74 2d 4c 65 6e 67 74 68 3a 20 38 34 0d 0a
0140   43 6f 6e 6e 65 63 74 69 6f 6e 3a 20 6b 65 65 70
0150   2d 61 6c 69 76 65 0d 0a 50 72 61 67 6d 61 3a 20
0160   6e 6f 2d 63 61 63 68 65 0d 0a 43 61 63 68 65 2d
0170   43 6f 6e 74 72 6f 6c 3a 20 6e 6f 2d 63 61 63 68
0180   65 0d 0a 0d 0a 30 52 30 50 30 4e 30 4c 30 4a 30
0190   09 06 05 2b 0e 03 02 1a 05 00 04 14 c7 2e 79 8a
01a0   dd ff 61 34 b3 ba ed 47 42 b8 bb c6 c0 24 07 63
01b0   04 14 8a 74 7f af 85 cd ee 95 cd 3d 9c d0 e2 46
01c0   14 f3 71 35 1d 27 02 11 00 d4 17 8f 55 32 29 4f
01d0   b8 12 70 9e 5f 9f 89 3f f6
